11010100111101110110101111011100101111111000001110001111100001000001011011001100111110101000101111000110110100011111100111100110
01010101111010101011001111000100111110111111111011011110000101101101110011101100001011000110011011011101101000100110010001100100
00001010110111110001001111111010010000001110100011101010100000010101001101110110011101110110101011110011101101111011001000110001
10101101001111011010001010001100110101111011100011111011100110010111010000101100000011100110001101100111001011001010111101100010
01101000001011111110010010001100010101011000011101101010101010101010000100011101111100100110001101001111100101101101001100011010
11001001111101011111111111111100010001100100101001010110010111111001111010010100111100110010001110101000101010101010100101001011
01000100110000000001101001110010011000100110110011101110000011100011101111000000111010001001100010001101000100110111010001100011
11010110011100100011011000001000001100001100011000111001010010010100011010101100110110010011011101110110010111100000011000110110
11110111111001110010100101011111110010111010110011010011000000010011101101011100100111101001010011000011100000010110111110010011
11010111100000011000111000001111001110110011100010111101000000101011100110100010100101011000001011111001100101111001100010010001
00010000101100100101000101100001110111101101101001110110001101100100010001110001000111100010100101001000101010010010011100010010
01111111111100001001000101111001111010001110100101101111011001110100110110011110011000000110001011000100001000100111001100101010
00010110001001110101101011110001000000010100001001000101011111000101010100011101100010111110001101010110000111100001101110010011
01001100111001100010111011100111000000110110100100010101000011111110100110110011110111011100011101001101101001110100110011110101
10001000011011001011001010110110000010100100010001110110101111001111110101010101110101101110110111000101000011100011101000000110
11001101101101001110100110100001010100011001001001000111000110011111100000001100101001001111011011100000001110000011111011101100
00110110011111100011000001111000110101011100010111110011010111001011101001111100010101000011100100010100000100011000001110010010
11111101001010100101000101100000110100010100010010010010101011100111010000001100101010001010001000011010110000100100011010100011
01111110101011111000011101111100101111110010001000010111110111101100000101011010101101001111001010111111100101111010101000100001
10101100010001100011100100011100010000100110111100100000110101011100100011011011011111000100011010010111000100101110100101010010
00001011000011101000011110010111110100101011011011001001111100111111001111111000001101000100000010101111100100010001001100011001
10010000101011110001000000100110101100010100111010101011100000111100001111111110110110000100110110111000000101000110000010111010
00110111100101111001111100111100011101100000101011101110000110001110110010010101101010000001010001001101001110000111111001000111
01010010011010100110101010000001111010011011010000001001000001000110011001001000101010101001110011111111100000110100100010101111
00000010010101011110101001001101110100110001110000001010101101111010111110111001000110110010110111011001100110101010100001001001
00100100111101001000010110010001001000100111011010111110000101111100011011111001011010010110111100000001011000000000001101100010
00001010110101000000011100001101110100000001010011110010100001011001010100010101101000101100010001000000000011100010001011101101
11100100000001010101000010010110010111111010010010100101010000011000001011001111000100110110001010101010001101101011110000100100
01010110100110000101010101010101000000101000110100100001101110111010011011111010010101100100101010100100001101101100101111000010
00101010011101000000001010101110001000001101010001010111000100001010110110101001100110001010010000111001000010010011100101110000
01101101010010100001001110000101100010000011001110010011010000110110111111101110010000111101011000101010010110110001110110100010
11100010001010011110011110111010011100011101111111101010010001110010001110110100111111011111100100011000001101001011010110011111
01101011111101000010111101011111011010011010000100101101100101010100000010101111001111001010000011000110000110110011010000000101
01111000110111110110001110010100000110011110100010100110111010110111100010001101101001000000100000011001111101110110011100111100
10110110001000001100001011011100110100001011100011011001010110110010110001101111010100010010101011011010101100101111001011000000
11100001100110100111100000001101011010011110100011100011101010010001110111111100110010011100100000011010111011000110011110110100
10010101101111111000001110000000001000011011011011010110111110010100100010010000101101001001100001010111010101011101011110110000
11100101100110011000110101010001010110101100001001101011110111011101101100110111000110001100010100101100100110110110001001101010
00111001111000010001010001011001111000101010110101100001000100001000010000000111111101111100000010111000000100001110000001010111
00000110110110000011111111011110010100001001001011101110111100011001111101010101101100111000011101011010100110110000011111011010
10011000100100110100110101111110001010010110101000100110001010010101001101011101000101110001001000010101100001011101101000110101
10100000011110010110101010111000100001011101000010111000010001001110000111111010101110000110111111110011101000110010100100010111
00110110101111000001000011100111011001100101000010110100001101110010101100010000110011101101110011011001000001010011111100000010
01010101110110101100101010001000011101111001111011100110101101010111110110001011010111001010001100000100011110011011110010111111
11111100110111110010001101010100110110011110101100001011110001000010000010011101111111010111001001111111000110000110000010011100
00000111101101110101000101100011100010111100011001001011000100110001100101011100111101101000111010111110101000100000010110110011
00110000110111111110101111101101101011001011010000001110010001011001100001100010111100001101000010001110101000010100110100000010
01010010100101110011001011101101011100101110110000101011101011100011000010000000110010111111100011011111001100110100010100101011
10010100101001100001111000001101011000010000110111111010110011011110001001101111110110011111001010111011000101000010101001011001
01110111011100011010111010111100110101010000011100100111111101011011101010001100110101011011001110000111011110100000110010110101
00101001101100100010011001011111100000001011001001111100001101001001100001100100111100101011010101101010001110000010101101011010
01000011110100101100011111101000001011101101010001111111111011000110110011110000001100100110110000100111000110111000000110101000
01101111000101010001011010100110110000000001100101100110101000111001111010111001011100110010001011101011110111101101010101000000
10011011110011010000100100100000111001111010000110000001011000011100010111000001111110001001100110101110101100010010000110000010
00011101111001101010011111011001010101101101100001111001100110100011011010001110101111111000000110101000111010001001110110110011
10001011011011101010101010011100011010101100011000010110110101011111110100001100100001010100011011100001001110011110011110110001
11111000101111011010011011011011100001011110111001111010000001000100001011011000000101110010010111000010111000010001111110111001
10101110110010101010101000000111000100000111110100010101000101001000000000011100011000110001010111110100111000011101000110001011
00001101110100011001101011111110000000101000110111111110000111001010111111000100111110110001101101010101010011100100000000000101
01110011010111010111111010011101000010010001000001111110001011000011011110000101110110010100110000011110111111010011000001110010
01010100100110010111100100000011101010110100000110011101010111000000101100101111000110010000001000001010000101011011010000001000
10100001001001101111011001111000110100010011101001111110101100101010001011001110101111010110001010011011101000100111001111010111
00010011101001111010101011101100000000001101100010111010000101001001001111010010011101011111110101011001101001001011000000000000
10111010000001011111011101011001001011010011000001010000100111101100111011000000101000110110101111111110110001001000101010110100
10000110111101101111101101011010011010111100011110101110010111100110100101011111110011000010011110010000011101100101011011100000
00001010011110001000110010000010011000101110101010101100000101000100001110111101011110111111010101110110111001101011111100010011
11100010000110001101001011010011010100101110110111011011010010101000110101011110010101000000110000000101101101010101010110111011
01000010010010101100101010101001111010010000000100001001010101011110101111000010111111111100001010100001101111110000100111011100
11001010010011000111101010101010100111011000010000011101011000000001010001000001000101000111101110000010011010011011100101011010
01000101011100101011110011011000010111010001010001010110101001101100101000000111110100001000010010001000111111000100110101001010
00101111111110010101111110001010011110011110000001001001001001101011001101000100100101000000001110110111110111101110100000010100
00011100101111100111000000111110010111010111110100101100000000100111011110001001001000001010111001111111101110010000101101011111
00001011011100100010100110101000010100011001101000001100110001001110111010100001111011100001000011100111010101011011101001000010
00010110001110011010010011000101101011000100100100000100011000001101100101111011101100010101010101101110010110000010111010010001
01101001111111001011101011111001100010000001110010100100110110110001110010110111011111111000001000000011100101001101101000100110
10101101000001011111000010011110111011111100011110011110010110001000011101110000101010011001000000101111001000000000101111100010
00001001011110011001101100101000000011000011011001101001010101001101011111100111101110110111111111100010111001111001000010100101
11010000000100010101000011110001001001011101011001001000000001011000011110010100101111100111010011111111111001001001010110001001
00000010100100001110011111010101101010100100011101000000011011110010101101001111111001001010010111100010000011110000001010101000
01110111011011010000010111111110101001101101110100111011001000001001011111010010111000011101100010111100010110100100101001010001
11011110010111101011111101110111101111000001101010001101100110111101101010000000111000011100000011010111110010100111011111101001
10011100000010110100100111010100101011101010001011100000101111000010000100000011101001001101110100110110010011101001101111100010
11100011011011001100000011110111110000100111110001100010100100110011010111101111000100100101110110101101011010011001111000111000
01001001101001101001000001101110000011001010001000111100101111110010100001101110110001101000011001000100100001011101101000100001
01010101011011111000000110000100001001010100101101000110001101101101100110110110101011111011011001001101110111101110101000101110
00011101101110000111001011101100111001101011001011110001000110001100111111101111010011001100010011011011100100101100010110100010
00110100001010001110011011110011100111111010010100101111000111000011111110111111001100100010101011010010111010101101110001111100
11100111001001111100100000001000111000110111000111000001001010011000011100101110011101111001001010111101000101110010000110111101
11101011010000100011100110000001010000011111111110110011110010011101000101101010010110101010101010001110100011001011110000100000
01101001110110000100110100110001111101111011011110010111110100111111100111100011111011110101100100011110100100010000101011100000
00011111111111101011001001110011011100000011011000000001111010110100111101000100001111000000010001111000101101100001110001101101
10101100010101010100000100100011100101110000100101000100100101100110111001010111000100110111101001101011000110010000010011110001
10101000101100100111010010000111101110001110001001010001100100000010101110110100111111000011011011010010100001100111111100001100
01101010111001111001001010100000011010010100001010001101001010000010000110101011011010111110011100110110001110000101111101100110
10100000010000000100001001001000010101011101000001000000111100001001010001000011000111100100000110110101011101000000001010010100
10001111101100100001101101111100001100010111100000110100011011001010011100100100010000000011100010111111100110010000110110011011
10001110000111110101101010010000011111001100010010011011000111011100011110101010101011010000000111000000111101010011110010101101
11000001001001100100011010010001000111100111110010110101101101101100011101010110100010010001111010100000101001111101101010001010
00010101110100110001010011010110001001011001011100101001100111100000101011000001011001111111000011010001100111111010000110110010
11011101111000001000000111000010100100011001000100111011011010010010010100110001011011100010001000000001010001010100010001110100
00101110010111010011011001000111100110100101001100110001111011100011001001111111000010110010110000111010001101011001001011100011
11110101101111101111010101111010100011011011011101000111111001001011011000111100100100111100110110111111000100101101000011110100
10000101000100000110100010011111100101100110111111110011111101011000110010011000011101111001000010111000101100001100000010100110
10101000101111111100101000000101101011101110000000001001001010001000100010101000101001101111000000100010010101011110111001011000
00010001100110101010011010011010001101100100110111100001100001101001001011000110110000000000111011010101101011011010111011100111
10000111001010011001100001110111100011000011010101111100000100010100110001110010010101001111100101011100111101111011010000011001
01101100110010011011100111011111100100010101001011000001001000110000000011100100110110000010010011100101001100110011101100010111
10101101000100110100000101111110111110010111101000010110001110011011100011000101100110001000011111111100010011111011011101001011
10101010010110111011101111110101101111011100001011001000111101010000111111011100100001110001100010111100001100001000101110110110
10100001001010001101010001110111100011000111101011110101111111011001010011010000111100100011101110010010100010010110110100101111
00011110001000010100001100000001100101001010011100101110001101011111000010000100111001000011000001111010110000001100111110000000
11000001111110010001011110011001001010101000100101110110010010011001011001111001011010000101011110001110000111000100001100101011
11100011111011111111101111010011010111100111011011011001101111111001101000111100101001101100011011000001010010101000001110100100
11011010011000111000010010101100111001111010000110100111100100110101000010111001101101110011011100000010000010011000110100001100
10101000100011010101111110000010010000101000010100011010101100100001001110010100011111110111001101010011101110111111100000001100
11111010100100111101110001011000010000110000000100101011011101011101001010101110101011010010100110110001000000101111110101000111
00010011010101110000110110110001001000001110111000100011001101000010100010011010111011111110101000111101100010000010111000001101
11001000010110001010010011000010111011110111001010100010101101000110101101011100010101010011010110000000010101011000011001111001
01001110100110110000000101100011110100011010010001110011001111001000100111100101111010010001111111010110111101111101111111101001
01011010001111011011100011000001101000101111111101001101011010101000001101111110100100011100011011011001010101110110001000100010
00100000111001010101011001010010011001011101100010011110001000101001111010001000100101000001110100001110010101111110110011101010
00110111101101010000111001001000010100111101010001001110111100111111110110011001010101110000100101010011011011110100010110111101
00110001100111010110100000111010100110110111000010111110101010010110110100100010000101001100100110000110010001111110000010110001
00111010101110100000101000010110110011100011100100100100010010100001000101000101110111100100001000100001100000000100101000100110
01101010001011100000010111101111000001010001001101101111010000111010000001010111111111011110101100101110010000010011101100100001
11101101010110111100110000110110110011110101100011110100111011010101001101001111100101100110110001101001011011110011111000011100
11010011000110101000011101011001110110000010011111000100111011101001111110010000000110110111010010101011000010001001110010011101
00111110110010101111000011010010011001000110111010011101110000010100100000111110011101010010110101010010011010001000101000011110
