-2750
6672
-6258
-8521
8272
-8258
486
-2851
-4587
5220
6798
2872
-9652
3769
-6480
8272
9987
-3267
-3983
-6734
-7334
-2410
4995
2014
9523
-5138
-9968
-5646
5146
-1162
687
-1340
-8011
-6178
-3428
8750
1391
-1976
9652
7477
-3264
-492
-9408
-2422
-5572
3849
-7556
-3679
-9135
-9899
2689
-118
-9017
8790
7947
-3906
-9237
-8044
-9242
-5239
2892
-55
1389
3815
-8801
187
2362
4974
274
1544
1868
2773
2789
-606
7873
4573
620
3600
-5217
-7314
-8768
-5526
-2353
60
-1861
-5380
-7663
1082
3706
4523
4184
6477
5508
6842
-4204
-5727
8299
7773
-4307
4299
-3108
-7244
1772
6026
6609
7836
3882
-8214
4218
2019
-5776
-1879
967
6069
601
3655
2812
-6449
4410
4658
3810
-6488
5752
2448
1366
6384
-8130
8283
6491
4475
-4834
-2797
4325
9782
6824
-9393
2920
3000
-438
8676
-9949
-4139
1645
-6353
9365
4428
7493
7784
-11
2110
6048
-5811
4428
2545
-5373
-9698
-8359
-6208
3312
-828
2309
-9949
7880
-4994
186
-31
-6217
4090
-2437
-9484
-2200
9115
-4529
-4603
-8543
6442
7236
-4828
9197
8890
-8040
-7387
6418
-2660
-9045
9639
767
-2467
-4214
-7406
-6748
-4439
-9165
498
3738
4840
-2727
-6421
-9017
3648
-9484
-2658
-205
8025
1732
8000
-6300
-4666
2224
785
-1297
-9017
-1697
2082
-7373
695
3781
6036
4415
-3418
-9297
3514
-1761
-2066
-4654
-2427
-8329
1652
8146
-1854
-2108
2193
-7994
6673
-3512
-6386
-916
7404
2856
-5917
-3650
-2309
-6715
-507
-3074
9313
9180
2356
6352
-7035
-9011
-9486
1271
4348
1003
9594
-4556
8432
-7997
6626
-8456
-245
-6612
-1788
1056
-7945
-6855
-5349
4638
-7470
1103
-5214
5093
-6743
5671
8822
-4911
903
-5670
7183
5587
6386
-4342
1268
-6763
-7802
8334
-5620
6852
-5917
-5308
-4338
-6595
5220
-2469
-1756
4770
9312
5149
-350
-2872
2110
6653
6547
6240
2834
1162
1769
3995
3499
2360
-7685
-5944
-8201
-4061
-7922
3415
-2138
-6919
-9251
4851
-777
3335
7064
-7272
1467
-327
4020
-5069
-7403
-7548
-6956
-2913
53
-8131
-7042
4358
8065
-9468
4639
8869
-5803
3637
2793
-3436
9164
-5102
-4715
3983
9967
3996
215
-6875
-4456
-904
-3232
6132
6418
2714
1389
4477
3098
1616
3625
1659
-3869
-8346
-9135
-1028
-2422
5309
-3898
6376
5324
9242
-2093
-9279
-3731
8628
9782
-6232
860
-306
4582
1986
-8164
-8706
1024
-7274
-8273
6665
1277
3792
-84
-4917
-8757
7455
-670
-2382
2512
-2864
-8184
6385
4321
-423
-1122
-3858
-1016
8419
7913
7491
-6071
2054
2098
5309
4221
-3901
9665
-3693
-8835
-2746
8000
1277
0
6744
-8576
-304
-3318
6111
9982
-3681
-7191
-3620
6755
-7232
-4832
7059
212
3153
3412
-1646
3744
-7590
-3901
713
-6935
-858
5993
4453
5333
-4143
-6653
4443
-4108
-8972
3914
-3169
9795
-7582
1336
-7525
-5108
8000
8308
8025
2841
-9551
1338
5705
8489
9028
1594
9657
-1008
-4163
5257
5253
-3590
8097
2628
-4499
-4495
8450
7449
9938
3253
-3434
3358
6334
8025
104
5970
2140
-9242
-8438
-3311
8326
4363
-5905
-6969
4146
-7402
3288
-1376
-4964
-6412
-5658
5924
4974
2338
8077
-4715
6443
3186
3801
3291
-2077
-6247
-567
-1722
-1942
8765
-3589
-295
2904
113
-3152
-1567
9286
8472
-4770
1855
9819
-4727
2338
5035
-3877
3809
-2787
4337
7890
-8997
-2484
3116
-5536
2649
-3498
-8806
-2899
596
-1467
3656
-9581
-9017
-4312
2435
-9626
-4674
-8969
-3112
-6544
-9005
229
8652
-5836
4184
4260
-9461
4739
-9250
5327
6900
5967
695
9901
4630
1862
-4625
-7870
-7830
1997
4873
9652
-7887
4800
-231
-7938
-4534
-2213
-7216
4136
-7476
-9992
-8858
-4709
-2191
172
-7748
-7945
-9258
-5809
2508
2931
-4928
8269
6597
1102
7174
7938
-2461
6447
6403
7751
-771
1973
6798
-4345
-6285
-8023
9493
1152
-3368
6816
6846
-4710
859
-9661
1540
9959
-9250
4139
3346
-5528
4873
-9198
4605
-9362
2953
-8422
-9205
7527
3956
1870
824
-4163
8756
9906
8949
8709
8405
-6706
4658
-4640
1471
-8012
2207
2872
-7394
-7978
5024
-8248
-5462
-8564
6473
-3957
-837
1780
-8331
5975
-555
4388
-3963
3731
-2105
-8670
585
-6741
5791
4900
-5674
6264
2746
5402
7646
-6919
-8197
-3617
-9435
-4885
5661
3672
-3613
4073
9523
-5879
-3227
5260
6626
-4624
-833
2953
1833
7595
6846
1481
9810
4050
4222
-8078
9286
8944
975
-5737
-2723
345
-8528
8897
8767
4944
1056
-8924
4622
8459
-7488
-8968
236
9018
597
3288
-3484
2812
-4581
6132
-9914
-799
2019
8216
-8189
2528
8371
3153
3831
611
3862
-1406
7202
-7677
-6585
905
7031
-6105
-3544
199
2628
-755
8678
9360
1659
8495
6254
-3826
3200
9744
-9752
2981
-6610
974
-3
-24
-4470
-8516
-6969
4244
-2105
-7207
9968
-1459
-903
4506
-918
-2404
4338
-4056
-4391
-3221
-8457
4434
5179
1030
6466
2812
-1831
-4861
3529
-5288
-7748
6964
-1629
1848
-1416
8804
-8821
-9291
9541
8423
-1679
-9644
-6633
8353
9202
6083
2068
8765
-7647
-3688
-7614
8619
-4916
-8900
3287
2416
313
-421
445
8036
413
-2534
-278
-1871
3339
9267
9541
-479
-6264
702
5800
8520
2650
5451
6431
-7274
-5542
6233
-6681
8619
-8715
-2787
-4356
913
-9751
-6137
-3141
-1482
-417
4040
-572
-2812
-3311
4674
4369
3266
-2859
9549
7459
5417
4079
7187
5133
2872
5545
5111
-2403
-5228
-8637
-3213
1364
1251
4235
4138
-24
-7801
6341
8089
7784
508
4866
-6841
4595
5234
6582
9151
-5602
5019
2678
-4793
-4333
-4143
6576
-4254
-6376
6347
8383
763
6190
-2878
8907
-9849
-4525
9062
-2274
-7790
2485
3211
8174
9562
-7556
4311
2081
3691
-945
-1934
-1490
-9460
8379
-3144
-8636
8893
-401
9390
-3826
3617
9865
4410
4173
8274
-9488
2317
9782
2759
-5918
4592
4486
9454
4744
-2643
4843
2919
-9417
9370
6686
4079
-2171
2802
-2025
-5935
-430
2289
3563
-3382
6722
5524
-9987
-8473
1089
-6225
1582
-8968
7489
-6507
9822
4670
-6149
-1829
-5899
7027
1333
3068
-9343
-4502
9781
-3899
750
1965
-5679
2920
-3879
-7811
1414
-7035
4220
-4323
-6408
3941
-8592
-8934
2835
1416
6421
7848
-5522
-7449
9585
-9735
-8017
1443
7929
5427
-3551
4722
7622
-8858
-9462
8032
5151
-799
3996
6094
9592
1342
767
-3925
-5315
6662
-4625
-8369
-6745
3262
1931
4742
-4802
-7566
-1370
6895
-976
-7839
9759
-8122
4995
-8419
-4967
4769
4428
3778
1587
8082
-4079
-3178
-5476
2688
9238
-2483
-1664
565
1426
-9151
-2806
-1409
-2428
-6748
2366
6704
-1279
8407
-7083
-9927
-3252
-2532
8572
-9838
7722
984
-3335
-9943
-9643
-186
-6147
1003
6998
4625
-8271
7992
7808
9348
-7859
-7334
2158
-3971
-2456
-9085
-256
-4744
-4515
8472
5627
-7295
-3518
-3343
5861
-9362
-1341
-1465
-8478
-860
-2975
-3085
7957
486
3848
-6201
9201
-5619
-2528
-2355
3200
-7295
-5332
-8828
3992
5478
1567
-4708
7121
1382
868
-3278
3231
-5279
-2508
9105
-5800
5718
-872
8843
-5339
8495
3234
3703
-5771
-5561
-9571
4060
9749
7201
9164
-2256
6771
-3610
9835
-9377
8215
7848
-5752
1720
8295
2043
4864
3710
-4408
9592
3847
5437
-6543
-5448
-9414
-4365
819
-519
8077
728
8415
8649
-8697
7538
-4654
-8843
-7811
8615
-6632
7339
2802
7128
-9470
4637
-9983
8067
-353
1000
2513
-2154
-277
3018
9075
-3990
6093
4407
-5759
5548
386
7690
-6312
-3470
9097
-3227
-5092
3776
-5908
-6149
5131
6510
2932
-9481
-7005
-4023
5993
-4110
-6659
4016
2772
-5247
6902
6677
4768
-2442
5312
9036
6095
195
-598
6416
6895
-4801
-7333
7400
-4502
-7125
182
-777
3030
-5668
4274
-6590
7956
-6499
-483
-5073
-9264
-7154
5446
6114
-3126
-6735
-2876
-578
2293
-5813
-9377
2789
-6634
4451
-1936
-6137
-8465
-588
-9417
4627
-8086
-2694
74
9197
-3502
6298
-3017
-7623
-2082
9093
-7234
-8972
1206
2797
5448
-9370
-8112
9521
-7676
-5416
-2411
4077
4306
-6249
9318
5989
-8255
5541
-8613
2357
8536
913
-3455
847
5820
-3878
-9795
-4603
448
-1105
4892
-5216
-4472
2019
2294
-7869
6842
4178
-3425
-2411
-8587
3868
-4870
-4235
6385
5260
3233
5035
-9484
8183
7036
-9462
6913
2980
7249
6398
-1676
-2304
6438
4499
964
9197
2521
1717
1002
-2543
2528
-1292
5708
-4342
5661
4824
6576
-7295
-9723
-9126
-4743
5138
-8406
-3678
-7334
7436
3440
-3878
-4719
64
-8663
7800
3092
3379
-4587
2713
2969
244
-9426
-1852
8077
41
3849
5919
7646
-8313
8072
301
7743
-5244
-4472
4664
2360
6543
-7191
2492
-2883
-4842
1451
-4794
-9278
472
-213
-8687
8782
589
-9173
3214
-8340
4120
-1753
-3810
-3275
1485
9966
-5533
-9362
-4828
-2528
9455
8367
3516
393
2881
-7488
-5450
-5102
6991
-3610
2659
3523
7062
6022
5490
-8242
2845
-8061
-3961
-1216
3379
-2323
206
-1664
3772
4234
-4163
7839
2848
-3856
5889
-7216
-9585
-2066
-5848
6036
-1159
-5247
1830
3961
6
9683
4794
-120
-5347
9980
-3539
-7372
8599
-8077
-5813
-2954
-5905
-5042
7626
-7226
8454
-5499
-1972
-1409
-7030
2360
6778
5341
-2872
-7133
693
-2195
-6143
-9368
-6471
2562
2298
1002
5011
4780
-4127
687
4794
-9973
1635
-5112
-8933
1032
8510
-5674
5257
6923
-7945
-6255
6851
6588
8846
-9119
9531
-8592
3830
4055
4020
-1312
-1771
236
7702
-606
-9410
-5474
3639
-7479
-6348
9091
1686
-4421
-6206
4161
-4630
-9486
-8698
6806
-6478
-2701
-8604
8476
8724
-5767
2859
-7940
1277
-3569
-9242
-5349
-4786
6093
8211
9884
-3963
4268
-9366
-382
-7513
5256
-3105
-6598
-7159
-3169
72
3814
-1418
-9668
-840
2338
9650
-5191
-7149
-8376
-2567
3106
-8792
5791
-2945
-8576
-6067
4503
5223
5260
-8187
-7357
-8163
-8994
6107
7411
-769
6167
-6900
2205
-8040
-4254
2734
1523
-7147
6147
4584
3630
1923
9031
9977
8167
4224
-3880
-7643
5941
2407
8269
4967
-9637
-3079
1030
1369
-4110
-2025
5512
-2001
2679
7747
-55
-1790
-5027
4995
-6960
-4496
-4567
-3036
-2787
-9825
-6743
-6556
-2301
-2746
-3455
-2168
-9040
1487
2309
3165
5417
4987
-263
-7944
-2723
8298
1159
-5710
5010
7068
-947
6295
-4373
6466
3380
-7999
6418
557
-4987
8368
-2621
1369
-2206
2082
5452
7377
3771
5696
-8501
820
-984
-4082
8489
-2464
-1744
-794
-3436
-7266
7063
1493
-5453
2019
-6615
-9643
-3466
-9331
-3432
-6956
3214
125
2338
-8408
8407
-47
7908
-5371
1919
-8906
-5553
2669
-3862
-8183
7314
8887
4604
-761
344
-5526
443
8437
9881
-4935
-7267
-8552
1540
-8467
-367
-3757
9823
7449
-4332
-3517
-6877
-4028
-5711
8494
565
4450
-7811
-1319
-1120
6117
-408
4477
7185
7205
6616
-2071
-3728
-2533
-8752
7873
-5582
-5403
8374
-3061
675
-2431
-5109
7579
-2702
-1593
-4649
7806
-3723
-3192
-8296
-6590
6872
5478
8949
2678
8236
4350
-9350
2409
7435
6572
3372
4306
8401
5254
6372
1823
-3382
-2851
-7978
6915
-4050
-5919
2820
-6315
-7887
-4578
-1527
-4650
-5386
-6044
-1172
7062
-4769
7636
7172
-8235
7746
-5994
3890
1237
208
-836
4428
-897
9500
-4654
-6740
870
9223
-8522
-4067
-1602
-4110
4618
1890
-9288
-7224
-7571
5324
-5273
4828
5862
68
-9264
-7449
7163
3691
-7372
-1689
-1579
-667
3438
-8241
9220
7981
3806
-319
554
1860
-7409
3437
6501
4758
-3213
452
-298
-3172
-1418
-4861
-1303
4607
-730
531
-4213
-6496
-7342
-4451
877
2318
-8627
-5721
-4039
9618
2765
4619
4619
-6870
2834
4163
-25
-5665
-3985
4412
-8792
-964
4326
-6444
-1212
2015
2990
-4410
-5371
-47
4354
1969
2473
9438
-3518
-8734
7332
-5646
-4364
7902
999
-9777
-2619
7178
9474
9606
181
-1463
6390
1569
-3517
225
15
-4671
7743
-8214
-1090
6357
-8968
-1770
8034
9299
6609
9753
4949
5615
9172
-2323
-1659
-3542
-423
-1879
5085
-6433
5761
7197
549
-5059
-4619
9840
-4758
-137
-1879
-8772
-527
627
-510
2802
1431
4882
2372
3272
-8715
2224
-5675
4769
6463
3233
2266
-523
-9897
-8495
-23
6438
8112
-5526
-7597
-7824
6915
4104
-5950
5541
-3824
2864
1286
7257
6943
1339
7380
-2612
1260
7488
5430
-3106
-4604
-8127
7536
-4225
-3179
8064
126
-5031
-9976
486
-6080
-7005
2628
6771
-9375
-5262
8318
-6590
2503
2639
6806
-9382
-4833
6663
5631
-648
-5631
-4885
-5468
8437
4719
2098
-8209
-916
7174
-6951
1338
-7060
5383
-711
8232
6913
-9008
7583
7510
4967
2298
-8936
-2554
2966
-5710
-37
4547
-6812
2067
-5398
-413
4959
-4604
4364
-9950
-5039
3154
3975
-7029
-7716
5020
2487
8577
-5896
8409
7668
5960
8447
-6748
-5249
7824
9100
-129
868
9100
-3831
-2705
301
-2069
-3028
-9370
4546
-6922
3224
-2554
-4073
2556
1720
-6454
-530
7229
7874
8274
-6521
7075
-7736
5256
5952
-2621
5329
1414
-8752
-8182
-2619
-8576
-3086
3534
-3011
1568
9906
2308
-6536
-3484
1870
8675
8825
2215
3719
5945
-1950
1275
6958
-9847
657
3864
-4541
8961
-2403
8986
-6640
6388
-1740
-4167
6019
672
9127
-6006
-7826
-8091
-1168
-1228
-6250
9929
6923
-5694
-8589
8416
872
8034
-3169
-3
-6512
-2417
-54
5276
-3721
-9051
-7514
3630
3291
-8473
-8422
-3131
1195
-1803
8766
7947
4370
-9276
7679
-8509
4551
549
5016
-6432
7244
-2439
8756
1911
9082
-7458
9768
-5668
87
6530
-4737
-3312
-6610
2203
6213
-7134
3917
-2397
6480
1340
-8543
3703
-7869
-2456
8325
6750
1443
431
3585
6827
-1830
5707
-6741
-1725
-1749
-8732
2556
6748
5939
-5303
-7864
9379
-1384
4134
-8303
2829
-7897
6151
9981
-1705
4306
3030
-8921
-1744
-941
-33
4633
7870
-1131
-7508
-392
4134
-4525
7343
4770
-1593
7192
7044
9822
-9752
7212
-3434
7330
-8516
2823
-2883
2764
3747
3175
-4715
475
-4967
-5137
-957
-1447
8010
-8691
-6914
-9778
-8510
-6541
-244
-5107
-2614
-674
1695
5792
-4143
-1418
5234
9151
-6675
7249
709
7413
-1303
-413
-5635
9733
4995
1883
-5917
-4630
-7840
6336
-7517
-4039
8836
7040
2372
4619
7201
6180
-4910
-3957
-1437
7528
8592
6033
-1700
-3898
6385
3177
9906
1296
5389
1190
-1742
1501
-9171
-6877
-763
-4570
4020
-7888
-9849
4483
-3904
2596
1883
-5164
-3179
-8250
9569
-2898
8489
-9564
-6215
8373
5446
-4167
5073
5066
6582
-307
2887
9461
-698
8112
3882
3521
3464
-5328
1030
8577
8949
9759
3043
5134
-7793
4724
6979
-9778
-5776
4518
6798
1705
-350
-3636
-3439
4501
2288
-9486
6567
9306
1754
-2781
-6223
8708
519
341
-5365
-5938
4210
-1070
-453
7638
-4863
-8489
-4870
5265
-728
1869
-8256
-5365
5020
-8378
-1604
-6620
9603
1520
-4182
8932
-4450
-3793
-290
-2685
-3307
4157
-6018
-6704
6438
6264
2736
-5461
6181
3401
-7249
-2839
7205
5623
-3776
-6673
2973
1013
-1006
-4727
8772
-2297
9365
-7756
-6544
1990
1377
-5526
-4011
6850
1233
6863
2340
1451
4035
8922
-7169
-2128
8371
1251
4679
7486
-2619
5082
9680
-3988
-3889
-2949
-6095
-694
-3871
-6620
-4223
2608
2267
8282
1133
-7840
6364
9011
2823
663
-2068
-8044
8601
-8759
-2289
7198
1990
-5589
-2658
395
-2413
3465
-2902
8924
9299
-672
-7399
-7525
5780
-7279
9363
1716
-7104
6385
-9607
5268
5156
4408
-1402
1859
7121
1646
8999
-8747
3092
9201
8154
5506
-2522
3875
2294
-5248
-6774
-6546
-4415
9555
5635
6285
-7314
7482
-4644
7546
4618
-1418
-8968
8986
-6825
-9537
-213
473
7848
-418
2308
6147
-6161
5874
-7607
-1265
-3947
5962
-5658
-2805
8827
1516
-2989
-7811
7577
8243
4424
-3342
-3186
680
-2996
4338
-2004
-536
-4892
8410
7527
-9497
298
-9778
2309
1432
-6987
-7488
-1700
6543
-3620
-1917
-8872
4873
-8467
-1774
-9240
5209
-866
445
-7623
773
154
-4965
7051
-866
-8979
-7268
-4
7730
6213
4451
2515
-6383
455
3723
43
-4642
-9844
15
4404
-822
-7618
-2949
-8308
3983
8922
-89
-6406
6974
-392
3237
828
492
-6386
-4529
-580
-9814
3849
9441
7938
6846
4139
-2171
8098
-432
1954
-9746
-307
-1552
3268
-4967
-2872
-3397
-3172
8025
-9156
7102
-2773
8434
344
-7960
8526
5612
9043
6298
2203
3901
-7857
8368
-3260
-777
1780
-8900
6659
-588
-7463
-1701
-791
5038
6018
-2012
-1777
8013
1542
-7582
623
8213
3722
-3884
-1545
2545
-54
-3654
-3444
-8313
4202
9197
-7402
-2373
5133
7120
7153
-3799
-9471
-7922
-9279
-7256
5269
-4021
3078
-5622
-7899
-9715
7961
-5646
4158
3551
9531
-2657
-1274
-180
-2612
-3330
-1022
9767
-4534
3856
-6717
7304
-3678
-2701
4747
-648
2205
1406
4486
550
6475
9312
-3320
7249
-2776
2080
9174
-2298
9238
-7279
7967
3257
4029
-5970
-8806
-2872
-6161
-9296
-2325
4947
-2083
9473
4161
-9334
9446
-6581
9825
-8501
2167
1954
3339
-5668
4315
-5395
-5089
5661
-9386
-1141
2919
8891
2821
4846
1886
6543
-5325
1286
4618
-3066
-3655
-3832
-440
-3348
-7279
-6971
3935
3335
6141
924
-308
-8987
-7616
8698
2295
-3629
-4769
1800
-1312
5289
-7070
5428
-3878
3339
603
1808
3738
7403
-227
992
-9342
-2355
-4238
4686
7749
7420
-3382
4095
9586
2818
-6857
-9048
-1990
-588
-3955
-1404
6431
2872
-7029
2252
2447
2678
-3444
-3962
9157
-7216
2951
-5576
4192
3524
-4041
-420
-4495
3818
-1518
-6280
-9198
-6499
399
-6715
5800
-4593
-8809
-7181
6040
-8704
6895
826
9822
709
9095
-4816
3124
-9061
-9250
8316
1703
4511
4518
8922
-6161
-3093
5893
8490
-5496
-2670
-2959
6816
-1357
1705
5022
-9260
-366
-7650
7163
2525
-7221
-1357
4061
7743
-1626
-5539
763
-448
-1584
3792
-2194
-5928
8041
-6335
121
3272
3318
8249
2193
-2082
-9089
4356
-2456
4190
7022
-2082
8609
5778
526
-5154
-2186
5950
-7546
1070
204
-2736
-498
-4674
-4865
-3084
-5908
-4465
165
6610
-435
-7380
3196
8263
-9672
-9936
5358
4428
6798
6388
1490
-4089
-9199
-9708
-4685
181
2328
3629
-9973
-3787
-3312
9202
-3187
1547
-6673
5971
42
7696
7519
-3268
6934
8684
9153
-4979
3040
3612
9478
-3762
-3776
1665
9832
-6526
-4157
740
1660
1803
6782
-363
1650
-5349
-4025
2046
974
9223
-3508
7908
8391
-425
-2085
9079
499
7122
9541
-881
-1740
-4065
1251
6147
-3104
4755
-322
1906
-8099
5328
-2255
6185
-2710
-3878
-5562
-549
2089
-221
-911
-6382
1340
-8851
2746
6498
-7669
4379
-5429
-5751
9961
7135
7261
7679
-3434
-8156
-4500
9484
8531
4458
5057
-6444
-3693
3288
2327
2019
2175
-7805
8860
-3484
8782
-4056
-118
-7324
-4224
64
-8147
435
5800
-1627
-2601
-8248
-7005
-510
9240
-7146
-5094
8848
-8968
-9084
-3733
-5817
-1258
-4665
2572
5321
-746
3487
-3079
1373
4873
8859
-311
-3502
8112
2447
9265
4618
7550
1594
3648
-2612
509
-408
7628
9782
-4904
996
8628
-9637
-1608
-1053
5044
-9865
-2727
-4802
7868
-999
-1241
-3278
-1460
-3055
-4219
-1874
3534
178
5387
1277
8903
203
4241
-4392
-2008
2603
728
6019
3979
-836
6219
-9643
4582
-2864
844
-7672
-4699
429
1659
-79
-9135
9160
6070
8911
3586
9183
6082
-8910
-1162
2264
-5235
2859
-4948
9386
-5027
-93
6388
-6796
3617
-178
68
-4025
-1016
7912
-5425
-3227
-505
3154
6816
3019
4618
-4653
4367
-3693
-5635
4817
6033
8243
-8867
-3793
5657
-2841
448
3318
8526
-9724
-9405
-9171
7756
5145
-4163
4952
-1126
-646
-4115
-6506
5595
6564
1997
9953
5780
2638
2189
-6759
-6580
-5578
1705
415
3117
3605
2492
-3678
-1909
-5313
8910
9987
8152
7426
3594
7622
4095
9773
4157
8915
8310
-2544
-8036
-9017
-1751
8389
7544
2489
2759
-3996
1712
-2479
-7862
-2492
-9495
9526
-5614
8495
-9905
7701
8051
-9668
-9484
7678
4170
-7107
1658
-8187
-6732
154
6783
-6553
-8968
1814
-311
-3146
683
-4375
2638
-189
-7984
-4882
3564
9938
-7442
3733
3372
4924
-8430
-4526
-8465
-612
-5562
6312
-1839
8859
1913
7500
4365
5582
2485
2928
7276
-4565
-9000
-1985
9395
-7842
-5109
-1048
6040
-5604
3214
-2710
-4415
7583
-7532
-6768
5274
-4436
8658
-9852
3809
8219
-865
-8563
4032
8836
4443
-7216
-8659
254
-8906
5254
3925
4134
992
-5708
-3052
-349
-2355
-4818
1624
9432
-2066
-8422
8330
6036
-6031
-2012
680
4678
1237
3318
-4498
7557
7304
7837
4553
-4761
-5617
3759
2465
7911
-5308
9639
-6935
1123
7122
-9807
-7911
6589
2448
5448
-4768
-728
5021
7121
9478
-6933
-3825
8577
8543
5618
6179
5965
8325
-9380
1577
-9202
-1418
4579
-4196
7183
-2478
-60
5076
980
-8685
2081
-8119
-1673
3800
-2346
-1055
-7978
8494
8956
2937
-3427
3694
5280
-8579
3994
-9017
-3432
-1972
-7181
-5104
9787
-5905
-777
-6476
9829
-4315
-7622
-9192
-3705
1485
-8670
2559
6939
4017
-7672
-2975
-313
8052
-7687
-5614
9478
-5556
331
9953
-3995
2872
-9815
8270
7730
-6258
-8151
-8182
4758
-5278
-3899
1928
5393
-3172
-2685
-9468
6223
-2561
-9191
8032
8474
-2078
-1030
-9386
8549
4551
-5833
6093
-1740
-3006
7861
-7826
-2814
1030
1712
-4613
8025
8021
9624
-8659
-1151
1175
-9293
-4744
-7218
938
1121
3600
-5434
2648
-5578
8018
-2674
-8430
3972
-5678
6998
3272
2781
-8551
9530
3309
-6585
6301
1251
-9495
3747
1890
4112
7488
9908
-2658
662
-2105
-3172
-9126
-7520
-7226
1084
-8003
6144
-1764
-2528
5125
2082
4951
1663
-2066
3153
9201
415
-3968
8284
-8551
-8676
1277
-683
3955
9612
1768
-9165
-7482
-6434
-2947
-9983
-6039
-7160
9217
5848
3787
4673
-7179
-117
-7030
8375
8232
5106
-2356
-5619
4306
5623
-4783
9025
-6076
-6308
9638
-8398
-492
4951
5016
3270
3996
7908
9079
8673
-6193
4192
-4278
1972
1152
6190
2528
711
4856
7801
3163
-5989
1990
-3255
-6605
1794
-3668
-5154
-6317
-8737
2841
-4484
-1684
686
9802
5170
5902
8416
2161
-3199
9639
4769
3983
-2356
-1890
-8122
6191
6560
-3688
-3557
9549
5675
-5456
2834
787
-1976
9484
3608
9767
6142
6351
-3693
3694
860
4591
8986
8442
2639
-7668
-5885
8635
3340
-7160
8670
-1518
-7212
-8230
8415
4305
4923
266
-8365
-8957
-6255
59
1660
5567
-7195
2525
-7591
-9508
8112
-2902
1772
4798
6101
-4911
-6
6295
9781
6991
8995
-5371
-843
3092
7664
-2042
-2603
9072
-6206
945
-1443
-294
-8682
-653
5782
-3034
3864
97
6762
9546
3955
-4138
2260
-1255
-9199
3781
216
1781
-4556
7350
9562
53
4972
3753
8684
5646
6798
519
4346
9731
-711
-2438
-4802
-3498
-5865
7420
2176
-8920
3146
-4326
6213
-5829
225
9526
-7394
-3811
-7154
6697
6664
2207
5452
3893
5053
-234
9844
1134
-5082
9442
-9089
-8606
8863
-9164
930
-9587
9823
2759
7414
7653
-7685
-9567
6883
-3788
413
-9031
-2607
-6106
4814
-5918
6635
2207
-3169
-6921
7237
1698
-1873
3918
-3172
2974
6908
7616
1375
3211
5244
-3810
-3221
-40
-3017
-8069
3345
1906
314
634
8604
2051
-4654
-2538
-5697
-4630
-1659
6528
-2270
-8296
1864
-2968
-2260
-2077
7974
-1843
-9692
-3221
2822
1474
-4285
1055
3716
-8668
9269
-545
-1564
-3695
-9160
-3814
5557
-3768
6561
7183
5419
-3337
3815
7627
4667
7938
1788
-658
-6528
-4108
-4878
-9422
323
3622
5989
7233
-2154
378
4013
1550
4096
4428
-6074
-3531
987
2224
1719
4388
-2368
9217
-5285
-8182
4157
7403
-9053
-7677
7087
-878
686
7820
3127
8782
2678
-9322
4313
3974
5972
4512
3639
-585
-4052
-8430
4678
5030
-4881
2920
-9342
3864
7133
-9460
-3505
8024
641
-6825
4731
2686
-4364
739
9307
-1141
-2696
1501
-7190
-2823
-6605
6743
1925
-7027
3740
5512
-9275
-7435
-5455
6852
6449
-53
1507
2224
-1882
9999
9643
-9869
-9976
819
3890
-5208
-9374
6035
-2148
-3695
4739
-2171
4873
-3260
-4883
-6777
-5582
-8882
1516
2638
4479
-9242
2309
-7537
-5072
4840
-5448
9025
-2806
4746
7897
1929
-9191
-9305
-7278
9527
9541
-9906
-9386
507
-2169
8213
8649
7789
-1173
-7631
-8011
-401
3595
-7028
7743
5570
1520
-3262
6414
1123
4530
3303
-1972
1123
-2560
6026
6679
-984
-9024
-2787
3992
-6488
-3036
8865
-7083
888
-4088
7608
3860
9062
-9315
6601
7596
111
8036
-2095
5019
-3906
3056
8142
-1030
-261
6843
6866
2901
9097
-9581
-9370
1034
5794
5646
6241
8000
-2986
8270
-9440
-1545
-954
1906
1451
-7928
1152
-5728
-9342
-7027
8907
4112
1413
-6844
3671
-664
-1729
2328
3962
-3787
-2692
-149
6810
-5646
9641
-4005
-7184
-911
6846
4747
8268
-9948
7459
3862
862
-7510
-874
-7978
9040
-5317
-1286
8307
8364
-9094
-4082
-1443
-1447
-9224
-6149
-4314
3815
6700
3487
-2659
-8244
8284
-6352
-6247
5508
4346
-2324
1967
-8303
2577
8604
-5134
-791
3116
8844
554
-1447
718
-2235
9858
-518
2468
-2749
-585
2898
2082
4724
-6317
1474
-2233
-9778
4788
-3810
3153
-2057
390
-6197
4069
3811
-9148
9608
-9242
8438
-9859
7347
65
573
9111
-4654
7030
-7083
-4708
-8144
-1159
-6071
4995
5066
-3169
9174
-5715
-5891
-6452
820
9982
-4768
1030
-6071
2545
1865
-2284
7410
-9679
331
-9237
3814
6659
2372
-4499
-9336
9183
2514
9774
-4173
-8642
-2603
3350
-9437
-217
1995
1999
7908
7205
-8303
8405
-5325
7352
8274
6925
-9382
-5792
3315
1540
-2034
-9530
5800
-8180
-6161
4130
7667
-7872
1675
-7787
-6078
3019
-8303
9922
2517
-9258
-9667
793
-8722
-4818
-129
9745
-4301
6340
-2554
452
-7676
6491
1523
-3382
6112
4380
3309
-9679
-4004
8710
-2696
9922
2714
-1292
4032
2973
-1962
-2040
-4170
-8242
4884
1794
8551
268
-6317
70
-2266
-5214
4582
6000
7914
-440
5253
6941
-8040
-1794
-612
-8005
-5617
7848
3786
9835
-9366
5539
5462
9340
7812
-812
3820
-6837
-8285
8890
-7216
7856
4524
4346
228
-4148
9013
505
8674
-3484
1133
6385
7186
-9314
2790
2004
379
6547
-6745
4052
-5668
-5576
-901
9732
-2
-7501
-1067
3339
-8331
7509
-2427
-6231
8426
600
-3164
8495
4710
-5089
-1907
-8353
3023
6522
-6542
6334
-4044
3993
-5750
-4767
9639
8359
6544
-9950
-2268
9747
5940
804
5543
-6250
-7643
6998
-3793
-4326
7101
2649
-7736
-3650
4000
-1227
-5670
4651
8442
7022
-5951
8397
4271
-6139
-9486
900
8536
7195
-6740
-4710
5557
-9120
-9379
2656
-1096
8303
6180
-6817
7455
-5535
2262
8069
8628
-5437
9665
-7416
-2219
-1976
2689
6422
8283
5068
-1410
-9760
-5293
9881
3614
-9191
-1395
-2310
750
-4696
9999
-1490
7881
-747
8814
7305
1439
1977
-2237
9413
-1705
8495
-4796
1683
-1352
-9564
-9772
228
8531
5587
6866
1107
5254
8442
1234
5588
3826
6574
6993
-5072
-9322
-1988
-1646
-1156
3483
3771
-1644
-5711
-7357
299
7319
-7083
-6840
-2277
-3330
-3982
-9486
7410
9190
-8446
-772
6722
-6209
-5231
-8259
7184
6902
-6459
-7528
4159
-3126
-2905
3747
-5676
2864
-539
-1156
4720
-7346
-6071
-4496
-6971
-7999
-4885
-8501
2936
-9322
2856
-6149
3214
-429
6475
1686
-5104
4317
6534
2276
5312
4158
8705
2620
-9852
1303
-612
-2643
-6255
-1743
1099
8618
-2142
9254
3720
-837
-6931
-7145
2348
-6552
-1236
501
6090
-8174
7186
-7333
680
-367
1103
-6507
7501
6418
9083
-4593
8652
-2740
-7501
5665
6489
413
-9281
6635
-5856
-8005
-630
7257
4133
268
5336
-5154
-6753
-1341
7194
393
113
7731
7206
8036
4317
2241
4347
-9296
3507
2628
-6900
2866
-9117
3212
-3246
2679
5990
3248
-8908
-664
9220
-8934
6897
1977
2338
-335
767
-3909
-7195
-1994
-2532
-6745
5502
-5836
1558
3733
-7207
-6900
-6471
-9172
-2121
-1895
8032
-2298
-5625
-2456
-3422
-8172
8384
4840
-2306
-3220
980
-911
7363
-774
8804
-1948
2255
9419
501
3916
4459
4143
104
8484
-130
97
5203
7410
7432
-4022
-4276
1710
-8992
9177
2110
-3661
-8764
-1516
-2476
-350
-3878
-322
2370
4630
7148
5289
-8755
-6723
6367
-7218
-6229
4040
4089
-1465
-347
4451
7908
-9331
-6075
9437
5993
9747
8419
2841
2864
4506
1251
9520
-3716
3852
9884
3810
-137
4984
8910
-2478
-2841
-1676
-7394
2335
1865
9725
6180
6145
-1723
-3518
4404
-4608
-9110
9173
1780
3830
-8398
-5014
-5675
3197
4583
5131
8379
-5994
154
-7922
-1903
4533
-7314
-7273
-6308
-6247
-9445
2362
8968
-1361
8592
-6131
-9912
2684
2338
1919
-9240
3960
8499
9298
-8643
-5171
-8256
-6130
7743
1418
804
-9258
1517
1184
-8378
-7582
9010
-9410
2361
7286
3400
8031
-4093
-7040
3955
5969
1542
-310
1804
-3180
8284
-2820
6601
-3468
3862
9409
-1605
-3418
-7298
-695
-5084
-4627
-7197
2684
1661
6100
3196
3304
9802
1206
4141
-6933
-7380
-8465
1291
9264
-1324
9603
5592
-6610
-8279
9721
-5434
8036
-9658
4076
4244
8980
8674
-1999
9882
4115
-8465
-9731
-5667
6685
6143
-2050
-5347
-428
1057
-4379
-6693
-8682
7746
9211
9193
7666
-308
-6258
3335
64
-2538
-1848
2297
-1757
8505
2659
-2437
-4484
382
1686
1769
-6991
-4542
6372
-1093
-2226
-8501
-6209
-2976
-7486
9365
-2531
8847
-5419
5092
3758
-7120
2499
-5693
-7005
3983
-967
815
6063
4122
-7945
-5667
-7042
7276
2386
-5313
-5102
370
-994
8900
-8046
-6418
5742
-6863
-8000
-9534
-5803
3992
-8011
6241
-3757
6599
1286
-1319
-9894
8784
224
-48
2838
-4060
7562
-2655
-4234
-530
7099
51
9810
7083
-3810
-2469
-5001
-5694
8562
4280
-6903
-9191
9379
-7562
-886
-8709
3319
-6969
9735
4001
8427
-3954
-334
4724
-523
-6570
-4894
5387
-1177
4800
-7748
8268
3741
-7968
9318
-4214
-7972
-4741
-9164
-4674
7815
4739
8848
853
-919
831
8138
486
-517
7248
1529
-4438
2411
-8709
-8005
1338
-8369
-295
1594
4864
-7083
3523
3467
-7605
-9571
1082
-7688
671
-4691
7903
-2194
206
3629
-5380
2946
4892
-1826
8275
4779
-8501
5295
4884
14
-1907
3772
-1418
-371
-7110
7244
7120
-2235
7651
-9160
6846
6786
3935
9311
2659
-9336
6572
6412
-4851
-9586
-9366
4088
2505
-6250
-9852
4794
7784
8065
8476
-8501
-1177
7436
1470
5567
8526
-9948
8683
4486
-5075
-1901
6438
5750
5494
4395
-947
7183
1320
-310
-8733
9757
2702
5029
-1571
-672
-1950
6151
-2986
-8686
-7972
4848
9240
-1626
-847
7756
-6073
-9127
1030
-1342
384
-8742
-5655
5327
5950
-9564
208
-746
7450
750
4569
6589
-1292
9305
-955
8138
-5781
-8506
7332
2659
8822
5676
-3318
-3348
-5803
-9925
-6088
9383
5053
-3652
-7957
-5395
-1059
-1664
-1421
-1999
1231
-2228
-3164
8272
8921
-750
6416
-3569
8530
2509
-2050
1456
-1774
7832
8283
-837
-2557
4988
-9484
184
-9445
5011
-9062
5448
7204
-5063
-9017
-3197
4755
-2301
4752
7458
-4926
57
747
-2057
9782
-6026
7913
-2093
4388
-8523
-7224
-8241
3110
-3788
8780
5327
-6857
7563
7751
165
9532
-2356
-9256
9361
7012
4871
2614
5964
2786
-646
9858
-7470
-6434
600
-5025
2908
-8036
-2533
-3788
